1.31810145625190
0.841068836207345
-0.239537580270986
0.759565245781358
0.138878989205830
-1.24950169038246
-1.58765742034940
2.07847744324774
0.577820121946245
0.281036252828568
-0.904312211057500
0.986582738130893
-0.910146738502532
-2.18111275874713
0.616233549066693
-0.717842588874908
0.0310872074100709
0.105660801632673
0.905422397493540
0.776696079076993
-2.43238960449855
1.83563478010102
3.19663228058953
3.50451931072105
-1.00281258408295
-3.04038629573866
-0.893115265961725
1.89860592403611
-2.82687773155436
-1.48321763212103
1.21909459395081
0.962434971274350
-0.984931929431776
1.13510397506262
0.235068685487611
3.57227009236832
-0.355855829285064
1.22975948948432
-0.282736852989277
0.749014696543945
-1.33209856431560
-0.0917015737705059
0.178466978131954
0.277424775886660
0.729248466663040
-1.33240847655852
0.160875650155272
0.924723060882801
0.333939974749138
0.653063175823303
1.14842575973729
0.336180109161875
-0.737464331081375
-1.55666540082631
-1.23191985178517
0.962510332451249
-0.975865160350752
1.06181217989884
-1.54172695477680
1.13861502368519
-0.827898570926147
0.252162799745261
0.0487619402983456
-0.261068072192274
1.10383842875634
-0.324898550845019
-1.13061075390421
-1.07430248357110
-1.52623535224204
-2.32850330306348
-0.616328359527754
0.0142078617741470
0.779339599985086
0.443769491597676
1.91855561391417
-0.547518720490790
1.27244267372612
0.114577493046033
1.42348032295397
-0.708193153087835
1.17436840620116
0.0925260858159823
1.03234396257521
0.438017014766040
-1.19978247043656
-0.214993956523474
1.12602634416705
0.292532803702822
-2.22839102154381
-1.49976435318714
-1.71253200340670
-1.23310356678539
0.0574376812102099
1.24379782420383
-0.829216010122391
0.572686889186646
-0.583225008679781
0.466284697948340
0.915820312502840
2.43405716932458
0.190132228738735
0.499015574544439
-0.0695374913579748
-0.242377131942114
0.866901260912360
0.230464330469058
0.383153686476776
-1.24064767422909
2.52610069059823
0.581781401181997
-3.00995742247231
-2.27429243048207
-2.68927343967486
0.415705326963219
0.639365142644538
1.38605319910809
1.17158660876681
2.29386895279444
-0.0722398553605338
0.367001148292814
0.485678159419923
-1.32605154945121
0.160631593756658
-0.509534293938929
0.636560789508099
0.990018104488603
-0.317562109251330
0.180852357954681
0.403850400406351
-1.44280490790974
-0.823264364213901
0.695653537183586
-0.656993790023636
-0.326243838622245
-0.417747820501741
-0.482538521583177
-0.0879732735388239
-0.0217552991783598
-1.86871640999795
-1.39682222282923
-0.799712387296189
-0.570570262758107
-1.33991597193209
2.43557780738363
-1.30725227834847
-0.255194664346150
-0.520198970701632
0.879512288330301
1.37958899639590
-1.43824474361694
-0.368329285698718
0.609654699631123
-1.39509803759899
-0.406060349699786
-0.407018187473268
1.02899218390063
-0.752255933354454
0.231530738577788
-0.832863963927316
0.00277759757578389
-1.92814668057287
1.48243300381597
-0.697877778333140
0.129388137145583
-1.22644798539216
1.12060031289534
-1.86285798566890
1.33918663637962
-0.920723649289706
0.152588368011001
3.03130026754877
0.251298076417217
-1.24594380111621
-4.99946770591321
-1.59762101126429
1.37911927242724
1.08563783872085
-0.430524175658202
4.36343674772877
1.61515363863724
-0.0794220007528092
0.243237195690020
0.558971217773334
0.381121522290448
0.898958391352093
-0.189958461762176
-1.68034802507823
0.571859801497711
-1.46404881035877
-2.14199598652993
-0.508373890557088
-0.704277150623274
1.77437751989232
0.0557403939344592
2.61737270150719
-0.785702138567078
0.0518651841258959
0.791291497949388
-0.490542477523324
-1.65913497189889
2.08683155836074
0.390165127573506
0.350318949481837
1.60605880202492
-1.08779749031463
-0.430173197661663
0.214855936051822
0.602937680778552
0.0775824768166676
-1.69217803830225
0.882951307359610
-0.133361247715591
1.41779214270200
-0.0705294166035421
0.444010728297747
-0.810926003780392
-0.336243918713498
-0.477927970363454
0.0668296800886239
0.485932527372740
0.615306036334892
-0.0504961497560326
-2.25252711506408
0.176137115289772
-0.501349125743639
1.50336430719783
4.12030097760243
3.43516765506780
-0.424572736916054
-2.15462681127853
-2.43157414385340
-0.472187334582571
0.984169644233906
1.26302068551885
-0.423870468683238
-5.52213549522018
-0.417572315759324
3.69505604917670
4.12297514107790
-2.99495925824636
0.727290014376423
0.461267100741889
1.50370729867664
0.815375540878697
0.857239423741819
-0.233583560040569
-0.576445405261740
-0.436971401341201
0.802647104470353
-0.884926451795915
-0.167967445596553
0.367805467650155
-0.308857330482894
0.339261658240034
-0.0993643094962728
0.447780826275152
-0.478457135303392
2.16965950615609
0.147975490397204
0.259435663682745
-0.857340718252382
-0.490615065489530
-0.132799434014780
0.561300465715347
-0.619010632701528
-0.490683729536989
-0.528372195159881
-0.684128955997936
-1.31676192884126
-0.702557794870771
-0.239732591788982
0.383842787529994
0.210251884570522
-0.930306993738895
-3.98363257599082
-0.260192624982413
0.475771838470369
2.71798310035161
3.26716887281065
0.881856878981873
-1.02046703558165
1.24313993853169
-0.664338752953026
1.75273638527344
0.276869415313356
-2.20933059222165
0.835491543649592
0.333375548888560
-1.54496044786483
-5.60975204996731
0.754852580491898
-2.57998609717083
3.88641219740879
1.71886530539225
6.00251816902865
2.86469423239252
-0.599317574429141
-1.38283836845290
1.54745036763930
-2.90921336047223
-0.113286441997042
-0.252654387397385
-0.405670822563185
1.72690326208348
-0.845293096361132
-0.117365660373056
1.36746637583566
1.97732216333208
-1.39213927551392
0.631335847247939
0.129374909497629
1.29612492271954
0.970434415820580
-0.563782491378082
1.21314905316451
-2.89820651799307
-1.97119171933351
0.548781341431643
-2.69067603111709
3.60252750266851
0.546144262160100
0.0749894200955008
-1.21352064408772
-0.673721535873094
1.17076128332043
0.195510861910397
-1.07240249244727
-0.331475429913012
-0.0355226457782328
0.666655354514514
-0.191165336200809
0.856630355234027
0.583607910054452
-0.894090602863043
0.996092782540777
-0.538851950283316
-0.0131512387401590
0.168986086785782
0.137182019955247
-0.0766478555371533
-2.01763006714063
-0.411663852947821
0.820450007746726
-0.455882641463106
-0.0286540211208803
-0.308475384329509
-0.989951459605870
0.489135312479530
0.277706650002704
-2.02511774928226
0.147934968319311
-0.248751591383934
-0.0532650038613410
0.292370621203332
-0.104025471275424
-0.793490274779533
-0.360622642020455
0.588516757996421
-0.232031197006873
0.894326535323089
0.424960091318549
1.30818180309674
0.395077528514988
-0.818124789149806
-0.806636339763917
0.541625252823750
0.726913004951451
-1.26951583553411
0.640311052647979
0.761316803295712
-1.68552243073582
-1.91475180173459
-0.749098982099888
0.175504908569216
-0.757880877953218
0.750044482963416
-0.395201379586539
0.121644015975174
2.29780127310699
-0.254013481436314
1.09936025869693
-0.582795610292253
1.29744556941644
0.767453116202321
-0.0199569953336181
0.663503728975523
0.388399217436610
1.00680823126912
-1.54836517254148
-0.138811015408284
0.294335871720384
-0.328796807124828
1.32869652495932
0.389142140287777
-0.407825334753117
-0.723247263694153
-1.83159636870933
-1.21621586862809
-0.908496914025268
-0.393631702257496
0.831878848653153
-2.49404015606108
-2.35834897845410
0.841694754222462
0.500335444853994
-0.830047772527192
-0.262130427031659
0.730849939612911
1.22947268420343
0.658638364066736
-0.413864661636768
-0.286455156501816
-0.352084240959919
-1.41620746471357
0.0187518627038139
1.96877834717075
-0.000143807654879702
-1.09842856167604
-1.35452613891539
0.188032788241108
1.24053558831951
0.994076741769906
-0.538560014139693
0.193248618813459
-0.726869605086901
-2.77936075589820
1.38364139131150
0.199580048441244
-1.17635178758051
0.726648320420742
0.244141918894065
-0.156897758161004
-0.135771542083052
0.912747055848279
1.26624756849412
0.337852881222490
0.00192594827295913
-0.193595079590482
0.732595123747561
-0.493484403209387
0.537023075613898
-3.66665726891418
-0.975834793281353
-1.80133061969957
-0.0831079360556423
0.0194373071050974
-0.172876303748965
-0.301607020182787
-0.0915303060782897
1.17598216325242
-0.0745674435297959
0.326770402114610
1.76164110384559
-0.0476252305474716
-0.822003065338240
-2.35131220144257
-0.463576031853911
-0.605733774496992
0.0897747538193874
-1.54310793236630
0.678090820446286
-1.15916941924792
-0.183042072391019
-0.666383693487351
-0.773880994044353
1.23803939056475
0.388248034105589
0.520158031473606
0.00476411273103805
0.171581050943597
-0.705805945876495
-0.196991643731885
1.15648001675470
1.32571105581060
0.0331348148547034
0.531819441940707
0.317540338026183
0.520624326478880
2.42523543663264
-0.339650016325970
1.31908280044113
0.947307672593251
2.24496826634515
-1.72868242358198
-0.374129977274321
-3.10397591966340
-0.701209966186841
1.09420013544605
-0.336646462068057
-0.519604784250078
-1.12498878234876
2.66677291876601
1.77054430673231
-0.637970753914028
1.48799981280510
-0.939460295359721
1.13788495257726
0.678202524693527
0.891601829483628
-0.592672954133731
-0.758250888874906
0.240344612651571
-0.242458140992302
-0.360856779832089
-0.303531278150176
0.273455995246696
1.17610389791857
0.645953721149017
-0.905940212782471
0.846677779662283
-4.56135579475125
1.51447465866943
3.41496955488600
-0.187280808231422
2.35556268079112
-1.70152848472445
-0.154065471283555
-1.09004757616705
0.697814508795022
0.324699474208033
2.28380646155606
0.560048198144203
-1.04165112357380
-0.141016884875244
-0.580661100890784
-0.634692100985634
1.80612770095189
-1.02129582543609
-0.691348983389494
-2.43110556035739
1.41969071325105
-1.26442705963226
2.20782807467456
-0.187399250492269
-0.100775332380100
0.617204920355045
0.242208131086555
-1.03659055875962
-0.283462249167337
0.158845080854367
-0.930174152050151
-0.116453149242951
0.648059188403229
-1.31174951994295
-0.761991170723649
0.478897199372711
0.639287769434581
-0.143629034464284
-0.259825910306846
0.734097937320631
0.415259810406564
-1.40759149918737
0.326672968803248
-1.02764342297216
-1.74049803074663
-0.207613923577470
-1.66728820238570
1.63503841139995
1.03242064953240
4.07437077102106
-1.80197661946505
0.191910759919326
0.961343297260814
-0.0626536309947323
-0.292933022842148
-3.30414324118328
-3.07777397127713
-1.95076148085951
-1.31935588242442
0.118224533020111
-1.60140614566675
1.73575869672247
0.0664061924069960
-0.548269441221273
0.0155275632247784
-0.363373080337783
0.205499360781159
1.45924662037683
-1.76115629970771
0.322862500606665
-0.755531582180219
0.160558902066297
0.311874420417807
-2.11262576576176
-0.0797494045163658
-0.784645002579139
-0.0565526711702939
0.266741930942842
-1.36768581457556
-1.32616439993692
-1.55019426008595
-0.631533089677740
-1.23741761037572
-0.126840804357832
-0.222260146456588
0.846210078611111
-1.48016861848900
-1.60901320744291
-0.272479194313690
-1.30483645460087
0.539799623990879
-0.579382219441545
-0.155356633528224
0.820148047472853
0.124241728450968
-2.23913014370781
-1.83302033108550
-0.0723822802338658
-1.17000775690002
0.657850810344549
-0.812238748730597
0.723642940728322
1.19766004179791
1.25635461255982
0.769934763482542
-1.74394026031017
-0.233046417430767
0.250190671224197
-1.03320414772350
0.692112231549877
0.850861587383581
-1.32395104386156
1.92804333152149
-2.32072494643657
-1.73993311633117
-1.27910066400277
-1.22920695474769
-0.831674030708619
-0.141361701531861
1.04484332904969
1.50123722980783
-1.11192129542197
0.244213269645191
0.905718143126401
-1.14744237526179
2.07266796648310
3.30818793455443
0.896729395001723
0.437437835763054
-0.110038328216158
-0.223672528032588
-1.14864131907861
0.254009199525404
-0.409483152567094
0.350061242706001
0.121726418290325
1.18898543499199
-0.0296617434062894
-0.257891276778017
-0.443276985133682
-1.50562428004809
0.555391908762127
-0.390548048950216
0.249363140030246
1.50387094526933
0.395581991649382
0.580727459064387
-0.462901412142557
0.951754375827748
0.176334458091490
-1.91945980186558
-2.19178594599096
-0.494525767816470
1.48566584546665
-0.561848689278393
-0.658261881519075
-0.0639303756355890
-0.407396234848902
0.377071665079251
0.444308309624189
-0.490231906118275
-1.18389245662138
1.17293613158010
-1.10160265911162
-0.641257259590134
-0.755565294610175
-0.285723012927983
-0.145971594506406
-0.00732840308294468
-1.27184142149792
0.0922507974897733
0.146167388731262
-0.537604057505270
0.168599897343871
0.310288938285106
0.699305149128359
-1.16128697057279
-0.113697461204234
1.39171289204705
-1.37383846950802
0.125434366608140
0.0453643649533712
1.65174283237770
-0.635713597413606
-0.733854614020736
-0.233402127272162
-0.267201479512592
-0.355056877611087
0.419929604704143
1.23183472108596
0.808106955572226
-0.0332373808810117
-0.650521981833856
-0.957639232158456
-2.18380076059836
-0.658138866610332
-0.266520891075448
0.0215464525055255
1.00623042744645
-0.481908946239903
1.09500577085821
-0.308456217417411
2.09226577815092
0.618036211533173
0.257418233368142
-1.53571276914409
2.00912110912127
0.0146656930909439
0.00930437983382026
-1.42393778802343
1.89919359246370
-0.352216536855520
-2.96075163461199
0.105083280561481
-0.552554209244152
-0.899818352759476
0.0766067311685973
-0.451558211579244
-3.14669583191842
1.02575382365783
-1.55055038696607
0.932101565168061
-1.95149326714497
1.32549674895148
-0.789363871529984
-1.06694367406352
0.250209128155570
-1.21253700068687
0.340460027906434
0.974864988447465
0.494396534726243
0.144413602970879
0.971387732104961
-0.252926399327654
0.00120927927644485
-1.04885892872173
-0.104663311196307
-0.150306706279541
-0.630447661235273
0.986878609151474
-0.233414865726540
0.115890494738860
-1.20267468026579
0.496810117913152
0.322450507081006
1.87257027737277
-0.346448574878175
-1.51338342498114
-0.227250997254936
0.0455675414173605
-2.39371568345573
-1.35035351736290
0.570698484999762
0.184804054497750
-2.89811012460566
0.0942029037502190
-0.780889024385718
0.274428262044530
2.53860362657588
0.542477491497408
-0.377125615106590
0.371926601125652
-0.0592206425488627
-0.0869866793686797
0.314664723134862
0.271949035770966
-2.06523738489293
-2.88491957850510
0.197288759828068
0.360166712118875
1.03531774183752
-0.706253430485789
2.72477132206916
-0.814310655936666
-0.693165779970456
0.704925136402294
-2.44390213984774
-5.68127931187159
-0.682407449529353
-1.48921576139611
-3.82849653547820
1.88348424875368
1.78253715860938
1.41439270630767
0.448655300065715
0.276402455585747
-0.488098970702284
-1.72617685233958
0.405989036722303
1.23546496391257
1.38861529719698
1.31975558550406
1.63606581170494
0.371703080676047
3.19267260876692
0.300378003133052
-0.736390773731539
0.0373921354657348
-0.0282192292514523
-0.406022106652866
-0.252463828750113
0.267241809491237
-0.153709909950636
-0.216100564097025
-0.0993147965564800
0.0831620331776039
0.130287771796945
1.53578957047472
3.78328041520252
-0.664724495551807
-2.21383289752259
2.31803071692131
-3.09620184393947
5.13445603323312
5.92779067871189
-1.69039668692580
-2.78194015892836
2.03578198011572
0.561605823726531
-0.806527250030580
0.254915717309664
0.174223931992287
0.964579210743186
0.143039797124623
-0.0625546782485791
-0.784758305270197
-1.10795633403529
-0.210879343650953
1.87445677662290
-0.0408525808045551
0.519037803419008
0.971002536047186
-0.568857466638310
0.429631365897858
0.00618432018928050
-0.0477521717209681
-2.14814955370938
0.359594381876659
-0.344863097457900
-1.71800475175930
-0.657217819942977
0.414500982966426
-1.52772440571329
-0.244880668343456
0.0105269467393183
-1.88602879355725
1.02085887621403
-2.05033420863282
0.792312362419035
0.621188826795075
0.622080424063541
0.479840533605888
0.636232333169288
-0.129496906335865
-0.187749667953434
-1.97486724532777
-1.70390554055374
-1.21419405462717
0.383077148264835
0.692132953206605
-1.48557205373866
-2.28901252905434
-0.366069357328676
0.983026684349655
3.86240660025404
-3.35261154544510
1.63665183309712
2.59966674488355
4.52033260581596
-0.474512362899148
-0.922991443268616
0.925044359662881
-0.00542812374097129
-0.927559967716167
-0.969398903297484
1.11764389178129
-0.662692409763537
-0.117884001935545
-0.961770057597117
0.703020262131021
-0.324867257377658
0.178129994289671
-2.54265383842926
0.382010051783335
-0.886495997322682
-1.03719076150014
0.178417862245858
-1.29913324151112
-1.04590248686022
0.705357385087379
1.22464430219040
1.23759080203630
0.773308036186756
-1.09430973616767
-0.0669323751868692
-1.59898749217530
-0.306162618015548
-0.521832022129701
-0.721042016050277
0.387921677082860
0.0947637259428338
-0.669668971852845
-0.296135848930453
0.265103790972675
-0.782361076563516
-0.0942250617337663
0.0486870004417023
-0.184811962119132
0.900066648604295
-0.583630096920555
-0.246954161084947
-1.07970017849290
0.733643033564085
-0.796279280608643
2.50133935557018
-0.185596713057126
-0.925147336318259
-0.468445391435378
-1.68502964881331
-0.685774774048782
-0.695557959322999
1.23861398417356
-1.29402352442941
-0.264515835192152
0.633892664916003
-0.386196237929956
-0.419122191704361
-0.373052988931105
3.80178390714252
0.572452372258881
-0.652466749462272
0.550685403565196
-1.00841938090120
-2.22481539644411
-2.50207351074257
0.113196002784002
0.988294870571619
1.93700191280685
-0.233420910670012
1.94941887422748
1.90135864224484
2.74444254029662
0.850816994989536
-2.78688028141384
-0.763626862881291
0.998139349554659
0.311411022090912
1.88052865211890
2.41559456593469
-1.61612568638142
4.95114566166234
-1.86398931352830
2.74339762723321
2.06220284958531
-1.82882938237684
-0.505703718077872
1.01269443800679
1.47171626185887
-2.61352254163563
0.968990092005027
-0.385543649934658
-0.0897903904582869
3.52963927795197
0.496438386289644
-0.948085295758191
7.01246566317537e-05
4.15978018464285
-1.48795220390182
1.95603542556260
-0.807571490773346
0.137678510104851
2.25089896782964
0.991523321318565
-0.139505749834537
0.365389059415600
-0.344126876193858
0.176191073447920
-0.851902336177387
0.628155380332948
0.308407016196801
0.0818319908044119
-0.0951900435035307
-0.542407681412197
-0.0302449379925987
1.93356898914190
1.75805308369024
-2.64555130290345
-1.68571249735540
-1.92046096178458
-1.86748397949248
1.06531074996561
0.113564366706867
-2.32543632887187
-0.124893630778069
-0.889518965773312
0.615028224417458
2.77732072592507
-4.36516975689602
-0.378458721110529
-3.58619384662939
1.93648375451199
2.69505772026454
-1.46875425722507
-1.42301303041206
0.284948062737626
-1.45266716501066
0.309050080198211
0.786903938068041
-3.60418831721167
-1.91311297252130
1.74231120714928
-0.497678752950665
-1.25655217580159
0.322897091243971
0.203864939880752
0.685382418953882
-0.563764249186164
-0.258963749793468
-0.561586346787138
-0.241536158388656
1.42723489201968
0.293594919760430
-0.765535983891339
0.734937518428534
-0.247833257905530
-0.159241984553165
-1.22128919089975
-0.0298581228863171
1.04557864138862
-1.23664530857641
-0.734393401752479
1.46540888937227
0.122602085524127
-0.452128724635758
1.03099213385792
-0.0629015401759493
1.87720084014821
1.34669142316250
-0.165769600786005
0.426573463155535
0.950234859509919
0.0526699891178147
-0.417389794484489
-1.37708332563398
1.26797198915231
-1.09727696056273
0.360588512960480
-0.449079083648098
-0.499339292526658
0.512076845666313
-1.53586393888748
-0.396537121622102
0.285433944416643
0.287741097395270
1.27497977916889
-0.565438041309737
-1.80549665765968
2.11594700836641
0.906886901984851
-1.34257472529791
1.09797643230855
-1.01509080717778
0.676345322092749
1.57981250520822
-1.81867193653528
-1.27739596015464
-0.0978834097763661
2.83447618530893
-3.87257457633695
-0.298298768311234
3.59784726269484
2.23277176551426
-2.48712275696726
-0.789436914653918
-0.0381724532516845
-0.0429260857199469
-1.13495633243539
-2.56798419841267
-1.48306549515533
0.104142238444766
-1.39389132993742
-2.23098689882266
2.27025450815670
0.725871480555329
-1.59055582269151
-1.83589160536722
0.139901307850635
-0.185120206160323
1.98585899602092
0.808882091237229
3.01011153580839
0.663759302440156
-0.127862950266192
-0.609931246911708
-1.36034400091755
0.393027402870067
0.565450711879079
0.330569685234353
0.0302988212271803
0.239165102170374
-0.116209670273262
2.09069100316151
0.0576846847098879
1.61731023212700
1.36635176322425
0.334144645843391
0.345661199576699
-0.636922468852148
0.568217028939508
1.02861020909392
1.31589940911155
0.635258157722532
0.0651807075429878
-1.52317232861559
0.791933037468424
-1.09325634529625
0.706273316317273
0.357992026445486
-1.88561019709596
0.487746001010121
4.07177667159511
1.39698864996001
0.246070722554241
1.31919359376790
0.786080756593041
1.30325272215509
0.120761891370947
0.0700608070199038
-1.05334501356942
-2.11674771577289
1.79377893313050
-0.508314495614680
-0.983182794605086
1.58120385568190
1.52805389752038
-1.29906083775528
-2.35105894378027
-3.28420270673847
-2.09361841511351
-1.69711845810667
-8.55451234181017
3.66471900361597
0.0422678819258968
-0.602824859819113
-1.33025773435879
1.33551342207416
-1.29773992568413
0.761976880863550
3.08134477871955
-3.54732007903004
-0.347534058380410
-3.91314259100795
4.32291982989591
-0.319143504943672
-3.11591127194490
-2.00193002786031
-1.11947901666146
-1.75174202683605
2.14592683836465
-3.48428569168845
0.133464642715216
-1.35060571052532
-0.714711855815537
-1.44284139522238
3.89344213394834
0.637553113267540
-0.431569407355804
-0.255661612752621
-1.13106978762136
1.37908260001430
0.760139302322403
0.566565168650203
-1.27186754785800
0.0325342235354990
-0.0690850904647772
0.145427437332898
1.11917379780626
-0.497246732949965
-0.891688501500838
1.39223392323204
0.902005113938963
0.173278744804324
-0.387666270305252
2.04627026190416
1.50662037326423
-0.109814134005429
0.186989012714008
-2.23088578800811
2.27383301359670
-0.109022974259235
-0.543215244334111
0.266107071075309
0.599591113224985
-0.859955622146995
0.219777209542386
0.156007401288022
2.12938019703914
-0.883573081436735
-0.409287448803832
-1.30730254389513
0.767586616426247
-0.407794383833218
0.363676418704423
1.56457629760783
1.38256944146712
-0.573258033774785
0.323951707083639
-0.543928214693707
1.00920619067172
1.92471409046229
2.21803446127329
2.49197420788231
-1.78114933079342
0.120358882916797
2.53735658207861
-1.00471855167901
-0.0100223744308901
0.108234614521064
-1.07312192246629
1.72929865048148
-0.624782406550325
-0.624915093886181
-0.0227780399222779
0.628456530391165
0.628650551367990
-1.08821710947830
-0.463757351506267
0.326585485153183
0.390952930608796
-0.186792563624077
0.474085276545577
-0.661335941572376
-1.87489503693845
-0.0720409969753837
2.14553175742506
-0.368448389449848
0.102358577549661
1.11627894658334
1.22809102126966
-0.292125881838459
0.685121135125823
-0.132524423945344
-0.175907277755745
-0.668231941801346
0.914670019762529
0.221193584608984
0.916216475920469
1.21152885230498
0.410592841116377
0.273351331033036
2.36795901011305
1.26041889049115
0.111806305915322
0.982848518107042
-0.573137888298404
-2.09899884500102
0.410225084426542
-0.457209609240027
1.39058225016763
1.06716606700976
0.231052544282166
0.0968677935140694
0.112898171161635
0.397046779410112
1.30720300553020
-0.747710941550440
0.509675964769286
0.123618824818707
-1.23598444866965
-0.0706734348377395
1.01167510288211
0.645250760405315
0.109897233693990
0.320109800983928
-1.31488571266610
0.694518077602791
-0.507749083380441
0.556690428890168
-0.195958798667583
0.637866586770103
0.415099884422144
-0.996488597279799
0.334655628980905
-0.831524614703330
-1.32110946045968
-0.642481687107447
-0.968453087194871
-0.0684970842163362
-1.88655653196491
-0.423092669164933
0.277496881906539
-0.166678011371447
-0.0389788604487249
-0.781991885562806
0.599544010648505
1.78584765379214
0.245417427548371
0.727957828974522
-0.412507098517158
-0.733117240470825
0.226671525307740
0.795683727337858
0.520073954367791
1.03787055321859
0.559808206608467
1.16917589166884
-0.586779718332814
-1.70609305284827
0.142166615793386
0.267151912171274
0.897291822796239
0.734419264500151
0.193076926739712
0.494528334559587
-0.698108234420839
1.31484814709886
-0.587028289435410
0.565164338194252
0.212552701537286
1.39709675979067
-1.42722303563719
-1.60519807186856
1.20071586119375
2.76259295091968
2.16682107908792
1.39390303580945
0.285119844596177
-1.37138137603955
1.58635930602808
-1.20417270984847
0.532284813113382
-0.940846815116211
-1.58779905794238
0.599102699364612
-1.05056224605140
-1.26571038503696
2.63337885554089
-0.302737382581366
1.84060552038409
-0.156217217885554
-1.21462338825343
0.783243740547398
3.64978450197177
-0.811710157399753
0.385404362424930
-0.955485901102432
0.866748531225830
-0.147058374750143
0.690045095067435
-0.530787322273186
-0.0715988418697735
0.0489952957557300
-0.718188601478864
0.391882581964309
-0.293449236348490
1.11126753843452
0.251865323404433
-0.151793203622604
-0.326317801217626
0.443465928711639
-0.480723559216990
-0.785069816243966
-0.316214626337974
-0.623391063097642
0.273518190489055
0.519801580792911
-1.39187657719148
-0.481393199979089
-0.676916653478870
-1.38060709504410
2.97813661903189
-2.96196519796439
5.55739646218009
-1.47500638273399
0.672918601646564
-2.98568803363339
-0.451800674321120
1.79975309821147
-1.53480519851408
-3.68156845725881
0.218857078952639
-0.302577092918421
0.554465365473474
2.30467382913159
-0.879503550309722
-1.28879105170766
-0.970904662660839
4.64957942571805
-1.36425494807651
-0.729135863013676
-2.08643305168270
0.853903987134115
-0.527087425933244
-0.999264990298827
-0.0612367538474470
0.492147264863655
0.438773513218566
0.234326211020172
2.75268094936794
0.224802587993436
-0.128362115216508
1.88790475543944
2.49698113807602
-0.836265750951173
0.462680764340964
-1.21552143942850
-0.984271171708385
1.58043487201753
0.171056329174201
-0.392877400021395
1.41012758017312
0.805305866261438
0.883896842104020
-0.591757191530423
0.971325181863437
-0.262756077080228
-0.121771055199207
-0.768878090853817
0.784571579840605
1.47705707698930
-0.422547281889802
2.35319669017859
1.00693730543624
-0.634170777868659
1.15734029789036
-0.186185254704209
-0.193349648651507
0.153435885597061
0.200311173602509
-0.242076033391540
-0.0260429646911284
0.613081271370016
-0.128681486611906
0.362996011401397
0.402248784690052
1.84094655574818
-0.554745788266036
-1.36472514574667
-2.21041894575547
-0.582858322168629
1.33875959069657
-0.593117689993613
1.25237427237437
-0.369859609326389
-0.973561492615651
1.07017754048596
0.0547536708097461
-1.00973092350233
-1.44540082627454
0.628872370587305
0.255364123102273
-0.0766501422207585
0.367911084968324
1.23491890457425
0.0578113405229347
-2.11130793247967
3.56712500141903
0.545016391176858
-1.52004610693269
-0.949808019502033
-0.0112592737180187
-1.91767721686502
-0.551814199542816
0.403923778380220
0.0840153631392691
1.23010142580475
0.147078385690392
1.99846169972712
-2.76467944102981
-0.00829855302112111
1.60476170861428
-2.20389677465090
0.290305579536330
3.44355559664006
1.76288338734174
-0.124282467998345
0.257891066595001
-0.471272822215439
0.312551810292522
-0.101338704824820
1.23001654928581
0.546781245376741
0.0824234677018516
-0.332777546990187
-1.92109060217077
1.34907437472229
0.579074170548339
0.109678250597763
1.53582190598335
-1.02406871303144