1211.920044
1186.189941
1184.52002
1167.869995
1171.359985
1203.030029
1205.300049
1201.589966
1211.369995
1222.119995
1200.079956
1189.650024
1171.420044
1172.920044
1181.199951
1142.619995
1152.119995
1156.849976
1171.349976
1154.050049
1189.280029
1198.780029
1196.02002
1198.109985
1216.959961
1191.569946
1194.439941
1211.859985
1227.920044
1233.680054
1234.180054
1226.420044
1230.390015
1219.709961
1205.099976
1218.02002
1241.47998
1237.910034
1215.290039
1228.810059
1195.900024
1186.569946
1179.589966
1198.410034
1220.140015
1234.719971
1248.27002
1268.25
1265.079956
1259.369995
1267.319946
1268.660034
1248.290039
1285.449951
1287.609985
1261.48999
1283.719971
1264.030029
1266.98999
1287.23999
1289.430054
1287.22998
1281.420044
1307.25
1302.949951
1294.869995
1295.5
1289.119995
1311.280029
1310.609985
1325.76001
1291.23999
1267.030029
1280.160034
1288.219971
1252.300049
1251.540039
1244.5
1270.199951
1265.47998
1236.199951
1240.290039
1278.550049
1279.359985
1266.73999
1302.300049
1295.089966
1311.01001
1298.920044
1319.660034
1314.780029
1335.849976
1349.589966
1365.619995
1368.599976
1377.339966
1364.300049
1380.900024
1401.199951
1400.949951
1396.709961
1409.839966
1427.089966
1410.76001
1418.300049
1409.709961
1430.72998
1430.5
1422.180054
1448.390015
1438.060059
1455.540039
1451.189941
1387.170044
1402.839966
1386.949951
1436.109985
1420.859985
1443.76001
1452.849976
1484.349976
1494.069946
1505.619995
1505.849976
1522.75
1515.72998
1536.339966
1507.670044
1532.910034
1502.560059
1503.349976
1530.439941
1552.5
1534.099976
1458.949951
1433.060059
1453.640015
1445.939941
1479.369995
1473.98999
1453.550049
1484.25
1525.75
1526.75
1557.589966
1561.800049
1500.630005
1535.280029
1509.650024
1453.699951
1458.73999
1440.699951
1481.140015
1504.660034
1467.949951
1484.459961
1478.48999
1411.630005
1401.02002
1325.189941
1330.609985
1395.420044
1331.290039
1349.98999
1353.109985
1330.630005
1293.369995
1288.140015
1329.51001
1315.219971
1370.400024
1332.829956
1390.329956
1397.839966
1413.900024
1388.280029
1425.349976
1375.930054
1400.380005
1360.680054
1360.030029
1317.930054
1278.380005
1262.900024
1239.48999
1260.680054
1257.76001
1260.310059
1296.319946
1298.199951
1292.199951
1282.829956
1242.310059
1251.699951
1255.079956
1213.27002
1099.22998
899.219971
940.549988
876.77002
968.75
930.98999
873.289978
800.030029
896.23999
876.070007
879.72998
887.880005
872.799988
931.799988
890.349976
850.119995
831.950012
825.880005
868.599976
826.840027
770.049988
735.090027
683.380005
756.549988
768.539978
815.940002
842.5
856.559998
869.599976
866.22998
877.52002
929.22998
882.880005
887
919.140015
940.090027
946.210022
921.22998
918.900024
896.419983
879.130005
940.380005
979.26001
987.47998
1010.47998
1004.090027
1026.130005
1028.930054
1016.400024
1042.72998
1068.300049
1044.380005
1025.209961
1071.48999
1087.680054
1079.599976
1036.189941
1069.300049
1093.47998
1091.380005
1091.48999
1105.97998
1106.410034
1102.469971
1126.47998
1115.099976
1144.97998
1136.030029
1091.76001
1073.869995
1066.189941
1075.51001
1109.170044
1104.48999
1138.699951
1149.98999
1159.900024
1166.589966
1178.099976
1194.369995
1192.130005
1217.280029
1186.689941
1110.880005
1135.680054
1087.689941
1089.410034
1064.880005
1091.599976
1117.51001
1076.76001
1022.580017
1077.959961
1064.880005
1102.660034
1101.599976
1121.640015
1079.25
1071.689941
1064.589966
1104.51001
1109.550049
1125.589966
1148.670044
1146.23999
1165.150024
1176.189941
1183.079956
1183.26001
1225.849976
1199.209961
1199.72998
1189.400024
1224.709961
1240.400024
1243.910034
1256.77002
1257.640015
1271.5
1293.23999
1283.349976
1276.339966
1310.869995
1329.150024
1343.01001
1319.880005
1321.150024
1304.280029
1279.209961
1313.800049
1332.410034
1328.170044
1319.680054
1337.380005
1363.609985
1340.199951
1337.77002
1333.27002
1331.099976
1300.160034
1270.97998
1271.5
1268.449951
1339.670044
1343.800049
1316.140015
1345.02002
1292.280029
1199.380005
1178.810059
1123.530029
1176.800049
1173.969971
1154.22998
1216.01001
1136.430054
1131.420044
1155.459961
1224.579956
1238.25
1285.089966
1253.22998
1263.849976
1215.650024
1158.670044
1244.280029
1255.189941
1219.660034
1265.329956
1257.599976
1277.810059
1289.089966
1315.380005
1316.329956
1344.900024
1342.640015
1361.22998
1365.73999
1369.630005
1370.869995
1404.170044
1397.109985
1408.469971
1398.079956
1370.26001
1378.530029
1403.359985
1369.099976
1353.390015
1295.219971
1317.819946
1278.040039
1325.660034
1342.839966
1335.02002
1362.160034
1354.680054
1356.780029
1362.660034
1385.969971
1390.98999
1405.869995
1418.160034
1411.130005
1406.579956
1437.920044
1465.77002
1460.150024
1440.670044
1460.930054
1428.589966
1433.189941
1411.939941
1414.199951
1379.849976
1359.880005
1409.150024
1416.180054
1418.069946
1413.579956
1430.150024
1402.430054
1466.469971
1472.050049
1485.97998
1502.959961
1513.170044
1517.930054
1519.790039
1515.599976
1518.199951
1551.180054
1560.699951
1556.890015
1569.189941
1553.280029
1588.849976
1555.25
1582.23999
1614.420044
1633.699951
1667.469971
1649.599976
1630.73999
1643.380005
1626.72998
1592.430054
1606.280029
1631.890015
1680.189941
1692.089966
1691.650024
1709.670044
1691.420044
1655.829956
1663.5
1632.969971
1655.170044
1687.98999
1709.910034
1691.75
1690.5
1703.199951
1744.5
1759.77002
1761.640015
1770.609985
1798.180054
1804.76001
1805.810059
1805.089966
1775.319946
1818.319946
1841.400024
1831.369995
1842.369995
1838.699951
1790.290039
1782.589966
1797.02002
1838.630005
1836.25
1859.449951
1878.040039
1841.130005
1866.52002
1857.619995
1865.089966
1815.689941
1864.849976
1863.400024
1881.140015
1878.47998
1877.859985
1900.530029
1923.569946
1949.439941
1936.160034
1962.869995
1960.959961
1985.439941
1967.569946
1978.219971
1978.339966
1925.150024
1931.589966
1955.060059
1988.400024
2003.369995
2007.709961
1985.540039
2010.400024
1982.849976
1967.900024
1906.130005
1886.76001
1964.579956
2018.050049
2031.920044
2039.819946
2063.5
2067.560059
2075.370117
2002.329956
2070.649902
2088.77002
2058.199951
2044.810059
2019.420044
2051.820068
1994.98999
2055.469971
2096.98999
2110.300049
2104.5
2071.26001
2053.399902
2108.100098
2061.02002
2066.959961
2102.060059
2081.179932
2117.689941
2108.290039
2116.100098
2122.72998
2126.060059
2107.389893
2092.830078
2094.110107
2109.98999
2101.48999
2076.780029
2076.620117
2126.639893
2079.649902
2103.840088
2077.570068
2091.540039
1970.890015
1988.869995
1921.219971
1961.050049
1958.030029
1931.339966
1951.359985
2014.890015
2033.109985
2075.149902
2079.360107
2099.199951
2023.040039
2089.169922
2090.110107
2091.689941
2012.369995
2005.550049
2060.98999
2043.939941
