-0.459780697031167
1.37548955560517
6.93905456957381
-1.63097695657846
0.310616985302287
8.58736974934987
-4.13237902144986
1.00994436164640
-1.02147989588793
4.85020115456496
0.422772091748560
4.61236345034383
1.52900223736638
2.71622976585263
-5.88605036547647
-2.75957578611465
-4.87977859406719
-5.73419197732033
3.62705690179265
4.11947262123179
-0.541944611708982
-3.75376827156837
3.95079602936511
6.91942875216629
2.90251418588396
-3.31707541337243
-1.78617628616101
2.70039184013246
0.233769471050476
3.69471150327162
-3.53935408667446
5.52497828963190
-1.08951958091049
-2.58811914606229
-4.18613732172655
3.09300612733739
-1.20098795527813
-0.943441823763673
-1.24879088044111
-3.32127596741330
-2.27107921927118
-0.374556326579261
6.54722221086053
-1.29528206715228
2.64982687486289
-3.07978490237001
2.84201482133319
2.88920905608171
2.28965205674144
1.16612455199757
-5.53013622822318
-0.467708664570332
1.90708826263554
-5.59184671942089
-1.40843257959669
3.89067715680956
0.111603857356247
4.30055654074353
-1.10869417633119
3.91319894913136
0.515771406863091
2.10270357334764
-4.37529688369351
-4.68389126790298
1.61860094653228
-1.15213817947696
-5.65629906283699
-1.53034111917021
-1.16193079040344
-2.69442607215844
-3.88981201062616
0.707480628017439
1.02966226984655
-2.37506565594155
3.86666668995504
-1.46793893520486
-5.78706550641576
0.0744175006774348
2.53631244603354
-5.83862827395663
6.35388355659805
-1.07828904272670
-2.93553844233992
0.998234651657030
-1.82600289247509
3.12137119103157
4.34750193454369
1.47523751761294
-0.0179705253246363
-5.32931613848955
-2.56642157057607
0.0720542770039703
-6.33138597589966
-3.71918859205703
0.529606273653813
-4.18698308196741
-2.67435497121067
1.02713898548283
0.621740195032630
0.373908858873522
7.39163874241823
2.40162265157417
-2.37767334430916
0.166017535573062
3.80707346354460
6.01605686925291
2.47535076276776
-2.75039674340326
2.38341099779716
1.93263708063869
1.73672383107896
-0.172267067130645
-0.670967601191735
0.287222021791716
-1.70473013899887
1.65113743878551
-0.137419560690804
3.47264230610374
2.00950986883156
0.600642891229717
3.40706599088719
2.29681867624674
0.893180424103858
-2.31300694535130
3.37368926424876
-0.330709668708070
-0.886355564580489
0.0735632923835589
2.51234263096158
0.281788588831404
-2.60565405217596
-0.654793024874939
-1.81904830660641
-0.608215951409824
-2.71174831590419
0.793295482535769
-0.746284092965280
-1.85772888527614
-1.22011193694106
2.61561860835149
-2.53924650105850
1.05753942820449
0.358693378867768
-2.45263232198283
0.0843717161905573
-1.88391750425014
1.70605815876802
1.12083703795894
-0.233226856610558
-1.91023435656878
-1.01280339123442
-0.951140329685810
0.646190328200733
2.27365271701650
1.42996998207516
-0.833476685338438
-3.44969559177492
-1.49302317266304
0.708341776756554
-2.07428333506616
-0.0102386619487789
2.82793146014455
3.29356113105031
0.381726163752412
3.71713741965346
1.30310297944835
1.58599649625457
1.22766863576534
-1.06413729846318
0.413018155955309
1.05646100786911
2.36757644188664
-5.26201590904489
-2.11540999088193
3.41121879889319
1.66821579000352
0.546311061584262
1.26493412982287
2.79255468062019
-2.27699393300931
0.990311427938292
-4.39950441634829
0.340280871449271
0.238656276847913
3.01321345349164
-1.80583491826739
1.32124081567014
2.25973361878374
-1.67311425286271
0.726464715187738
0.110094193911632
-0.378830619230300
-1.05033501664640
-1.36410084804833
-2.37047100731960
-0.961634699381434
-1.88415555836368
-0.0937866105018414
3.07797535592628
-0.620595481583873
1.97548111778993
0.998118170436251
2.69997744397675
-0.0134796999591238
-0.200096748218668
-0.294888550520303
-2.30175242394029
3.95503815692922
-3.12869525844356
-0.284568534316492
-0.812046164493783
0.158472867524682
-2.97670850021339
1.69781810137009
-0.0933153312488133
-0.478029487039817
2.87698927494879
1.43095928523937
3.59196204846796
2.97328372850066
-1.28008495984281
-0.584649066017820
2.75771288503969
-0.948228813825828
-0.166141146643580
-0.958413053074677
0.868447815512828
2.18013914634964
-1.25254856297869
-1.01443886530641
1.88599788589766
3.40029096028877
2.04984251757573
-2.96408445243922
-0.153803023751725
0.682706306393352
0.153389836600379
-1.07724847625812
-3.50163851945424
2.61943964707473
2.36071898264094
1.62634671676078
-0.838200700153994
-2.83328595278090
1.30219900929613
-1.88248306662833
-0.522003808553958
2.63503100784549
2.08707430409633
-0.716974446254095
0.774279115178767
-1.36247092451414
-1.58859840561906
-0.398484377779569
-2.51031966005043
3.81261492314790
1.12469079923766
-1.66070188044879
-0.0150762921183303
2.00102184849678
-0.363677819071158
-0.465789121803464
1.52896132110659
2.88340139756663
1.79002018788804
0.279271767640772
1.05643754188803
0.0453093241591690
-0.847612342400766
-1.21785602137711
-1.43532517301904
-1.54235466409787
0.0198075199899032
-2.80973642804896
-0.242557231909457
-2.78230737610569
-0.523575445951807
-1.74490050797754
0.277654338389187
1.79836384015473
-3.13230877711283
-1.50818855605605
-1.49522639684664
-0.911602835509051
-0.374809288129433
-1.74404261280619
-0.483567577956135
1.82300294430985
0.267202735538856
-0.899316117680846
0.540335502434325
0.939139743991333
-3.02217135323340
-0.325888793830802
3.59794418639671
0.116566361596660
0.343822004145246
3.00767953061138
-2.45366627846483
1.78230122655617
-0.639965330072615
0.501512286892761
1.18266502224115
-0.400967027997940
-1.19221070796563
1.18752528652714
-0.224775058712938
0.192913096440564
1.02955841793828
1.53647366523769
-0.425868027498623
-1.62944903863184
0.722310738510206
2.17979184318021
-1.07518979187798
0.856253871736239
2.38485232197189
-0.129291592161458
0.570652795436146
-0.186109682088314
-1.52075979171224
-1.32956383002531
-2.04443696512085
-0.289016843584557
3.02007738856089
0.430514852068369
2.91814006148921
-1.73080624422906
-0.964674777906549
3.28092593404289
-2.79427255314571
-2.79081209725124
4.42093666948700
2.43867048664906
0.584184023326751
0.152658162366479
2.57914493397199
1.52540409576956
1.73248996041198
3.26848092521157
3.06393731019463
0.588266627011025
-3.19967338079162
3.36940896472113
-2.55734277929803
-6.38896669638384
1.16267840063696
0.440141174350957
-1.67139287890162
0.413270526695792
3.69316499138521
0.955084682637789
-0.769444353155535
0.270490927766496
-4.12749119764690
-3.96898764942387
-2.99301134491753
-3.22799638772809
6.31556756669734
1.87188752788626
3.15183563638714
-0.922204080603263
-2.24677191351519
2.40320887487357
1.21767167876226
-1.22034336756150
-4.99438545515530
6.32359738996740
6.89665228034565
-4.07841014791256
4.77658754969836
-1.15167660449902
-2.32656133948851
-3.79865245724707
-1.67707615949404
0.589603093491766
-4.88170210375299
0.406459098493146
-5.21999889848939
-0.613816663707432
-3.28560719180101
4.29252444960016
-2.45669392725669
-0.771269800010006
1.40641130064441
-0.660593464324869
-1.76540573599669
-5.25904274374235
-1.27046956750952
3.55313357868587
1.32075348523345
-3.53546630323086
2.95688632925123
-0.426589435650806
2.19309863698588
0.442202614371268
-6.50133475057604
-3.47798141283651
5.23770035507680
-0.661180919599648
-2.04288460762719
0.886741909997840
1.79897994184166
-2.21661236390812
0.916085014805488
-3.65887756935143
-2.02307040020345
-1.81455098062418
0.534359441790173
5.22764164600330
1.79600236099149
-2.67551820765177
-4.90091769133402
-2.45212106353999
4.60456019766680
1.68603638542833
-3.41235624990509
4.21503271567336
-2.75775287176282
-0.117914015835116
-2.17106692824069
-0.0391636869826867
-1.99620455674828
-2.11856505817127
-2.08458739420087
5.61900808891994
-6.20804203804387
3.53075217376192
-1.60111204057401
1.84326852386434
3.36146541583795
-4.78087943799971
2.52295229610900
-0.851740207660365
-3.31438473995947
-0.102892496889569
-0.284857173331101
0.915152364912990
1.15673972044574
-0.846962224580783
2.00329847468820
0.811505195662903
3.24556539095383
3.72855102836046
-1.34009308251084
-0.734131144280939
2.74160735560938
5.24120642410910
3.75808888039182
-0.00275184083809181
0.605583944512133
4.43368570554096
-3.28979851389142
-0.729217980108344
-2.26095127938696
3.93611352018179
-3.66117813563175
-1.56218635307529
0.176053869244619
0.923907744833076
-1.07282014247981
-2.65946852960457
-0.870467852407861
-0.827768722234144
-2.91270615494614
-3.35497581194470
0.528984650724413
1.73737659509572
1.31228749233334
-0.000327600202365476
-1.44784514589991
-3.76018717920971
-2.45495125868966
-1.51878119910625
-0.712419734347529
0.563262018668339
0.494569535702754
1.77402322521348
0.733112254143438
-2.92970630630153
1.69758594214867
-2.34655931012148
-1.05935107816998
-1.60385541729555
1.30896234654436
-3.70100044960796
1.30460588883765
-1.69760383418461
-1.95369642104549
-2.99790738917752
-1.98349235271375
-2.88970049837263
-2.21951729219810
2.65023583855881
-0.560448608419907
-2.54664427421052
2.64837597036960
1.32984215592718
0.776932659177518
-1.32918659103732
1.37827090377189
-1.49694705455683
-1.77175102061903
-1.38157016155352
-1.04275415122462
0.983401663510571
1.71339281867396
-4.06014624329101
-1.12852710091908
-3.25119130402650
2.68249659222545
3.68063227021068
-1.71840326943117
2.03689946577964
1.25681821336733
0.840367686536197
2.04121837010758
1.64875502509209
0.465060504398472
-1.65921914049897
3.21526935238610
-2.33395493489211
-0.243544022120247
-0.804487194658216
2.12913875267437
2.54890127885136
2.84718000969510
3.20077501761601
-3.38742048574779
0.896717692373276
0.0211769285116121
-1.46585273727996
0.414410961886880
-0.694821690177982
-2.64681803921086
-1.77023944282887
-2.10550565890790
-1.96951920516687
-0.293344770481397
0.415748916365799
-2.01269604362520
-3.19977245778630
-2.31239408951492
1.33914541188209
1.86918771924504
-3.08162931790726
0.787378141006475
-1.00156435039666
-2.00235021215636
0.599360953808677
-2.89786202891167
-3.00022521637195
-0.875435347531375
-5.10976123946553
-2.09784402808502
-3.42433005150930
-4.71169545706681
-2.55627645842242
0.0960809770019543
-0.881916662337910
5.78313025868619
-0.543123054679966
-2.60615257308394
2.02202968084009
1.72995193303112
-2.63341693454023
-0.346916895238249
-3.14516371390196
-1.03085522278540
-0.864738602998962
5.30791992124077
1.92001761937966
-3.33771711230150
-4.15170348782299
-2.15840829092771
0.985176286370709
5.28022080706076
-1.93006129271427
-0.546192274541838
-4.64346555328844
3.71134700436715
1.84219171695695
2.68186357683108
2.21495996697167
-6.23975668028860
3.76458139676990
-0.237184793319061
-2.01752735380842
-1.47461835627013
3.34027731355040
5.89761008102104
3.46013440952173
6.18127471591684
-2.02672677308379
-5.51144039076021
-1.49671957572907
-3.95995021736018
-4.08808420852282
-1.40868815695288
-5.37132531867652
-3.40784270445495
-0.423361980881190
0.388739076546345
-2.71780660757547
-0.905059629655560
-0.106228876778781
-1.12400456733300
2.09709052328530
-2.67403405197337
1.32463313782575
4.25519537175682
4.97045734028479
-1.67289882197302
1.54780083264857
-2.94268802564260
1.40591642765543
-4.86497586202004
-5.37521336698378
-3.08890165633517
-6.11763273050527
1.81861653568085
0.248832685449542
3.33659157133225
1.03602009999053
2.11200127918558
-3.13130208651658
2.75039248538953
-0.0869092900825641
-1.98359538807699
3.35617873738650
2.22790401487908
-0.550954524093495
0.781621132654709
-1.02479355077092
-2.23288311141661
0.547516480553080
-0.684024637485680
-0.949447286195891
0.855319962982862
-1.09234506217172
-0.729520911984932
3.60639531516529
-5.28488178174661
-2.06521863934145
-3.37580895299334
5.56003399188140
-0.785148197664800
4.82493802019390
0.560913584354742
0.186392396352922
-3.41471744226295
-3.16523969021379
-0.210477079753957
-1.77861317647336
5.76473153620372
-3.58474670814406
4.42075512906611
1.40007437200598
-1.08568442447343
-3.17823478679864
-2.30616331934056
-2.05653674358924
-4.00722825057819
4.67761043268537
-2.62982000309639
-3.87799862003598
0.0550023865279870
0.0625427028865198
-4.13779709947315
-1.47185276155974
0.731425391010491
3.72436580532806
-1.04398920188309
2.64732048907821
-4.62801952776208
-1.23636045864595
0.506150443411437
-6.84494718844694
0.749824068349345
-2.00145733441070
-3.48067739941891
3.71663803990925
0.945480278568867
-2.33008230189286
-1.12006851892996
-4.23411879608712
-3.22793723150625
4.20794846196592
6.39564006758290
2.69806510959926
-2.57312150114658
1.17632827192920
-1.79120052597606
-2.26035162958643
3.10589835127931
6.26244652110831
0.963773392502007
3.30551316705946
-2.33800664854192
-0.881073713265967
-1.07191754044917
4.04715421203636
-1.40773967078665
0.0714766542054855
1.76700362705205
-1.22659836779004
-2.56452545383711
-0.607631953003646
-1.90382778869520
-1.41838141983437
2.22336389083945
-0.281792078653037
1.99999163818441
-3.28809189217693
-0.244096876620425
-3.00099306831389
-0.0327388214287994
-2.80092921090989
0.782441902364459
1.95478100676282
-0.998258776727658
0.374396456159124
1.88164101988634
1.43149439331315
0.0999234801295397
-3.43921865533221
-1.00155029899265
-4.32769930948018
-0.911627431287823
2.07755017212922
1.11170588775889
5.54472052903875
-0.521927665238088
1.84399279109875
0.278542729967913
-2.31335517046468
0.0770602973686015
-1.35433877741832
-2.14111653052131
-1.39872979174305
-0.455739586389762
5.80804868164892
-1.41924282388730
-1.80711690341989
-1.85655181198981
-0.00334433537505426
2.79032128215640
-2.87005298314917
-6.17616775977176
-0.255736302827005
2.85933229536080
-6.93843275177550
2.61104765669687
4.16650222251697
0.593417661958668
-6.40805450521191
0.0725413249836961
1.95920746333637
2.80723607771155
2.36236307765414
2.39418668903621
3.60637630299534
-3.88227816485783
3.41000605754178
-5.80856823295354
0.190762754839931
1.11903501513447
3.61327756198916
-3.25217516533775
0.603657393780604
4.25592752601256
1.29413095231972
2.39841003039513
-0.0990659092340269
-1.78349358828079
2.94141635833364
1.77246574522933
3.10827172552159
-1.30756047006028
0.152855040844777
2.80887708562931
-2.87835666365900
1.54203364098486
1.25793328921884
4.00520124926624
5.37178624273643
3.97052561799586
-3.51254089973602
-5.16489693509392
-4.51215812669257
2.51349455987802
-1.80120916780776
-3.53756600967839
-0.624656439454957
-0.332724769158250
-4.16930850419054
0.0790359901283178
-3.31289637488835
-2.56092441727424
2.73636296398422
-1.61167525506352
-2.04485292307976
4.30638164897416
3.09912012547077
1.31570038999663
0.913434657071118
-2.56431590949150
-1.91513865914859
2.16392659041272
0.163776813389061
-1.41532945749358
5.27756207066463
-1.69344561349361
-1.87159847565619
-1.35743920916549
-6.36230647074783
1.63940725384002
3.21736730498178
1.64316956266913
-3.57441854831949
-3.77041980492178
2.70236156832923
-1.96129287700738
3.46318614630714
-3.45166220789947
1.65342981054706
-2.88498799490845
-1.59755252716818
-1.96894742540953
3.56536125697718
2.33479318050237
0.558470143021479
3.56658006741675
-2.72803068736078
-4.87777313356532
1.33507829349333
0.179785013943113
0.193835425963791
-2.53259946731493
1.93049420468773
1.33606700721745
-3.44356894622638
-0.118768114186098
3.12680425959598
-0.244520877056468
5.15150036501298
0.204881015861267
-0.675023759425267
-3.38427373560088
0.0563615379600182
1.55981909728039
4.81377802993209
-2.27577570435888
-0.583393496028245
0.207127582326494
0.862638275108130
1.07008078263703
3.57474958005377
1.80431339877756
-1.39763594955907
5.85599360315316
-1.58242217264608
1.18778029913878
4.04367894084249
4.43983014683805
-3.03635587459969
-0.517978128736214
-2.24370068271229
-0.398164867189724
-0.425883831336929
-3.36584374963010
1.02962165730697
1.10466411510252
-0.496034357961017
-1.09596747724848
-0.807760309944403
-5.12809136739109
-3.12365708548098
-2.46710982707749
0.408770532407861
0.579237155343458
-1.05080831588057
1.41944729289878
0.599604888025096
1.96102755716497
-0.0904953551621560
0.208232858974480
1.32257040714340
0.0641046693856051
2.16491746365449
-1.27638349722883
0.926808446357390
-0.295731609498823
0.830504673871438
-1.56134212960958
1.48903602708003
-4.47361037684900
-1.52552296536559
4.69861916537543
4.11044481561573
0.183386483575829
-2.58203623289687
-1.49819947193545
-1.71604902319757
1.38267940496325
3.95948738414425
-0.349070019270561
-0.131377040669651
-0.380169603993985
2.88185331357821
-0.662706038645488
0.723550462985236
-2.22872245508575
1.64574868409189
-2.74839207931737
1.03735952414622
-2.07128374937082
6.90834269545879
0.722912923443404
-2.26479671077553
-0.552936242068606
3.38725057106259
0.0428235683830652
-4.09859261406582
2.23697893041138
-0.545195845280052
-2.48913151954594
3.70392011049711
0.540718332224278
-2.82124018091602
4.41003863586940
3.16922841592392
-3.79281929908629
0.678024776535645
2.23491447754207
-2.14263543114252
1.12860846126480
-0.325249998912891
-0.552201544076723
-2.58956115589966
3.38394874963043
1.25194067870845
-0.102442530825228
0.488219062114687
3.34115186745583
-0.564012458615235
-1.63793170028051
0.939524206746564
2.05301383908069
-0.869437645148084
-2.82156288487604
-3.88733048320625
-2.77331868702914
3.81799456178205
2.60080512722827
-3.08223760564941
-0.504880664437249
0.801963888010178
-1.65049938717744
0.808888786848382
-1.69917571191873
-2.59696527074544
-2.27404853813338
1.45232842205400
-1.00387952027614
-0.867438820874515
-0.0816190777850585
-2.06841137442193
-1.14849189886430
1.36763313873691
2.04029185639189
-0.0626586160872152
0.459889289499305
-1.50432017790850
-0.928451031563725
-0.767675524845483
0.966179722890239
-0.448716774775071
2.02113900389886
-1.84716487785295
0.553896505271236
-1.15393223182671
0.0466693237059587
0.207719558450955
-3.58884502414943
-0.399254999770408
-1.29225709936016
3.63248886488961
2.16128289619275
-0.345476970807525
-1.17301738822591
-0.431355283900671
0.462735473744958
1.91248503018419
-0.171093433331924
1.54366204667108
-0.546607970910234
2.06904668304432
-0.817697167331382
-1.99457915314201