0.806681411773133
-0.439147971758041
-0.445519416148864
-0.0680728936094445
0.608601285426251
-0.572867437900308
-1.16588988901215
1.39630944438800
2.18401543544757
1.03307459442304
-0.285080288837036
-0.516105968742345
-0.105261316223103
-1.63307551281746
0.542775460957120
-1.67640164230565
0.177545694615240
0.994137627759294
0.00828441958007431
0.771501322124162
-0.503814816380149
1.03723202290858
0.928420008758601
1.59561454331907
-0.591465725135004
-0.758879611129121
0.0114609985282712
0.164261723222051
-2.07533673073674
-1.00554052663188
1.32277005020302
-0.0810438494771816
0.247450079943080
0.361205454099816
0.164673697702020
2.22995105157491
-0.347947038661340
1.19292939902795
-1.31489197600717
1.42541594603935
-1.54920630073037
-0.681786009467718
1.25825910161193
-0.167181013921534
0.966455653456937
-0.745867360709921
1.09316137013762
0.152807342676285
-0.365659262425609
0.829570532561633
-0.544663202957479
0.196881399640721
-0.623461611607111
0.281158560658320
0.253311441143887
0.452939982034532
-0.566850268042189
-0.776500340192023
0.109224913643682
0.170767209699543
-0.371180862774343
-0.0831751843730026
0.592810979228502
0.394552493774901
1.00296228958691
1.29566046730158
-0.635686910279965
-1.68977373920866
-1.51647499593541
-0.773824868249481
0.416380563090236
-1.26606432364539
0.549783457771855
-0.630114732545516
1.29810335583027
-0.973268350268379
0.798707483614479
-0.537243002010186
0.465370770890957
-0.626209610433370
0.737706465301057
-0.617906978055043
1.11990610725279
1.52083898302325
-1.57737736724311
0.478811554707163
0.534226340033278
-0.276079880696071
-1.49131792150906
0.935689462654317
-2.19449649014289
-0.167450850931668
1.58449841385517
0.323692666999687
-0.0346609644650596
-0.534014574049842
-0.845983768689646
0.160509260513119
1.20977101197770
2.62022734745104
-0.264156365655837
0.734006531515170
-0.126899018443257
0.503113946731558
0.887014269608948
-1.43334230126076
0.575611902581303
-0.604048367223299
0.438431853748988
0.619115128790610
-1.62145167465972
-0.926535962519333
-0.911599145980674
0.254845559136809
0.164706525259699
0.619995820043387
0.556161123456470
1.48448066840760
-0.0520816273614273
0.0389170506385675
-0.155146810171924
0.320605522511447
-1.03957779267103
-0.681624821789854
0.425683180808443
-0.105337690084906
-1.31825070078801
1.34595587377493
-0.0543639331357305
-0.529594900819689
-0.863057734863145
0.0854893259186362
-0.107523793434541
0.0139460068161231
0.0241786020193385
-0.566222199510313
-0.971609867275321
-0.585087047429912
-1.35668840926745
-1.77751432959561
-0.228098619098937
-1.05834045451428
1.64155550040465
-2.42926458339402
1.48435687610504
1.05087954379423
-0.107960797143332
-0.933174063556038
-1.70926158169922
0.658361235145609
-0.265647347529120
-0.409849855712558
1.38286249090111
1.26726859283064
0.510970679314934
-2.12502535858565
0.492504057470837
0.843765967653825
-1.10692562527653
-1.25372059902028
0.257769357599778
-1.87121599519072
0.106674012747612
-1.06779875013895
0.818729505847555
-1.27048894221539
0.890896767401412
-1.12398353073138
0.850102077285779
-1.30134587762620
-1.68734927131644
-0.0977690972831945
0.152520121787147
1.09415359596330
0.487228781919613
-0.323931573504384
-0.794674843301002
0.401785881558381
-1.81766595976289
-1.05416999872027
0.220642543377354
-0.269331916744675
0.920074973247591
1.23502816603609
-0.0566394394356591
1.76716600219946
-1.23195247560179
-1.50420175588520
1.57755526608363
-1.71825021541418
-1.05019780682008
-0.765989706285237
0.247274362103855
0.0982389296513292
1.77756498837970
-0.595809286532335
0.548377310650524
0.232767943684657
0.234528476542192
1.00979505741088
-0.277189566408607
0.952209088091217
0.659573616881175
-1.73627440590167
0.855718125162949
-1.01157741824380
-0.520810650608751
2.10155909901762
-0.700030036365319
-0.720000250924753
0.946064070035856
-0.397157277064411
-0.387735904976728
-0.994124029209735
0.404370093566324
0.0612701430828429
-1.06952492267157
-0.558384289044404
-0.971488575398977
-1.02226084662245
0.0421012841505836
0.498613780270456
1.59552438948756
0.815632413574731
0.0388570886815143
-0.548360123637788
-2.02793471752042
-2.77985212736568
-0.166901090751148
0.645215693954543
1.59949703985546
-0.204552583502033
-1.01630634428623
-0.966746743457557
0.250635594753036
2.02173245713913
-0.132317648068381
-1.42640359397630
-1.54020485695901
1.28468362861543
-0.0239593196554322
-0.265727575063937
-0.440607326365044
0.159998080539014
-0.388691777161514
-0.830571026204676
0.0180057226417316
-0.545816240703568
1.11228069472805
0.641422660492838
1.21680735634117
-0.394850894059410
-0.365190385956213
0.490799347974622
-0.953461924727481
0.985297362615770
0.593366878663949
-0.224977980694939
-0.600686535029401
-1.79896141803854
-1.56476290105628
-0.842447808132641
0.887958199234010
0.679113548826148
0.505953979248772
-0.788554850024356
-0.0415051860578361
1.13721694198114
0.0272745417895876
-0.832954985206072
-2.20608038943617
0.408161460318007
-0.304473372159276
-0.537166387365138
-2.30446797003911
-0.161758087461324
0.0403143554201419
1.19842119570154
1.26788220862158
0.00468504843539346
-0.302492740868278
0.585266905204454
-0.236196807576973
0.537484820342952
0.713031271874674
-0.971916411302287
0.0209927036539907
0.321113337634955
-0.581737835857363
-2.03529913733357
0.675150194863313
-2.17208111481718
1.24814571164880
0.542955144899658
2.10946190245631
0.932774442560340
-0.150660441738162
-1.01552762087925
0.823898124320575
-1.65144265983564
0.0207686552633719
-0.244681737794456
-0.937970645910396
1.24672316516863
0.371560641311652
0.00654374482793594
-0.943030234449869
1.96572845871900
-0.669691558661221
0.167454349667491
-1.39578783001292
-0.761632834667583
-1.22077275035849
-0.808268036640244
-1.34993276390135
1.17080222335776
1.06933750091592
-0.334003445253639
1.90210392733571
-1.92725567790343
0.0462332272153476
0.249176605878421
0.710044056667323
0.141395821758099
-0.991669767274019
0.110252069702908
2.10082763522486
-0.728569839835766
-0.358632773958764
-1.51341232389831
-0.265412084080302
0.730978375298899
1.95532210912348
-1.44351389482045
0.695396728830056
0.482872963940109
0.0952097868398493
0.300633523595591
0.296524601553320
0.649058281296148
-2.34393568449765
-0.920196416062947
-0.646668162415602
0.869682954599380
-1.33763909038378
-0.449428586527435
-0.224170402091596
2.45214102266911
0.687121950069938
-0.506697876203363
-0.648131973952041
-0.370400220072537
-1.08876050681525
0.289214695636487
0.362079490607842
-0.726505154205862
1.11178000430950
1.02747350763695
-0.491109001379612
-0.911264467845600
1.04915493933006
-0.411332934508319
-0.386949325034869
1.91895219405830
-0.0452093807982006
-0.0259283244238126
-1.15983523921599
-0.440753477124269
-2.21596737708146
-2.48748460529112
-0.998862319258933
-1.14161271231996
-0.601723323274611
0.922936312525365
-0.807309363714891
0.886621747147751
-0.873772110893214
0.614081337491891
-2.02268401866004
0.269323567807394
-0.710233123639668
-0.734542405107210
-1.58566383842255
1.42729406606943
0.230982409529908
0.356595921599651
0.832952182302144
-0.272802500367017
-1.14894455499964
0.988515485836942
-0.233465413576112
-0.163749703666467
1.34401531627153
-1.01083201725010
-0.241128470588198
-0.437767205200173
-1.67566324356610
1.01410842139435
0.134644206935276
-0.558588682182883
-0.605539756937062
0.552150168839122
1.69695608534068
-1.92285370447642
0.752349123512970
1.10536090482317
0.848858314422906
1.30351985803212
2.30472444054337
-0.962283599719255
0.624924617672785
0.231152037659098
-0.460002195789527
0.0183868524220467
1.25366144397579
-0.296511600761025
1.72375676152801
0.538425144481025
0.188581794448345
-0.180343811315301
0.191663080981436
-0.540785619645893
1.84698611149979
-0.398640580092539
-0.497189415438425
1.59704277808754
-1.16142721043129
-0.586267218979833
0.318927389236671
-1.93119518787811
0.0593525785941446
0.110290305079427
-0.830626550544293
0.377373444119635
-0.519189338736354
-0.675298249039421
0.0495191714795849
-0.174146615901219
1.27759245885345
-1.00128259902892
-0.441677441888553
-3.17859387937194
0.332746792635245
-0.770787809984226
-0.0705130545173639
1.19312521250379
0.626647585155584
-0.812762388915642
-0.0297301802573259
0.756493974077811
-0.664763013298302
0.694496404617064
2.32664333187771
-1.78469793050615
1.94108002012216
-0.197594169835116
-0.971144421415699
-2.51609881679058
0.196370524802409
0.487544592980726
0.605250001024463
0.543824438911219
-1.05083568750883
0.157803914971719
-0.185578342075398
0.368981081124212
0.104462855091419
0.647750942667932
0.281942530139947
0.110185407554444
-0.589396736519903
0.237255735785805
-2.58574679543176
-1.09071445907216
0.104060222826405
0.547140663926719
-1.23031685987199
-0.124658396609565
-1.09640964815243
0.291226400392996
-0.459088718977841
-1.01847794486770
-1.28328094759712
2.00389868068500
0.595365282558923
1.42377884455234
0.954570378189782
-1.14052257778941
1.60890899695545
-0.159519430706650
1.06586278542878
-2.34274129227342
-0.995733924267736
-0.373902163592449
-0.326598739138855
1.32395625085528
0.0325581284958910
-0.592942059796399
-0.185889569859111
0.581745105296096
-0.0909797009256467
0.563187296402668
-0.252559593594677
-1.38941455100485
1.80657496317923
1.84582166899735
1.06050207292503
0.525414124054764
0.0837932658577842
0.491606622667846
-1.80290063170347
0.614289614092038
1.34095388403123
-0.0381850516132373
2.06146252840954
-0.319652204057424
0.980543186617680
-1.80309897144708
0.611623171791533
2.01830137876955
-1.91725203557810
1.60021190940967
-0.598997013482632
0.0235247652451323
-0.586155298109950
-0.691329077478496
0.614276581864153
0.231230514917183
-0.553252093932128
-1.67426463692696
0.0923733208676719
-0.584182824566388
0.888217808847328
-2.40511479685471
0.176120055342939
0.620423307377287
1.52765790755935
-0.248871819823154
-0.383798401860238
-0.502104331100340
-1.01090753889975
-0.196905639080310
-0.145136962667380
-0.589307035680659
0.295005593794462
0.312275042046145
-0.102581591212801
-0.328058086320793
0.491144271323099
0.567305415670915
1.27470978578910
1.15713426969473
0.661124311728135
0.0995537276805293
-2.16654995251262
-0.142046672087866
1.27626687577556
-2.69076024299185
-1.34943249593862
-1.81186030150944
0.676869174675655
-0.0969495779688337
-1.82726891750405
0.0929015007425535
0.790228400454279
1.30922955771724
1.64837052891991
0.367865520357302
1.93704848257986
0.0695176101188345
-1.02654158149303
0.0978311558407753
0.703345347689904
0.217582949095835
-0.400983860232193
0.188163367828880
-0.0154306688805549
-0.675470747758988
1.55620824551388
0.786238345020145
1.55505523740348
0.459763419688155
-1.38244867920167
2.24865123508912
-1.00829691023260
1.32637685708073
-0.0728110806435672
0.378164600528594
0.553494667744741
-1.06137190115736
-1.96097032668065
-1.18244850186156
-2.37649041098510
0.641598183256198
-0.528575995014177
0.205444167778732
-1.83385699784648
-1.62480440819709
0.746487897779829
-1.40499861595879
0.104690772995481
-1.35351772552263
0.768418503144699
0.293902574769386
2.29097085449627
1.98142055252172
1.00392261000162
0.200315144370768
1.75105799326358
0.126278524604899
-0.0378887150745526
0.482271293296126
0.600601509406619
-1.09259200595148
-0.672349891668273
1.31661721376097
1.20877481990256
0.751942316695495
-0.860205527910039
-0.983402950707702
-1.45551012144209
0.961294045507847
-0.969247304408588
0.813633354708831
0.660264156136025
0.206980924976113
0.262461718680629
2.16244094763083
-0.110707031068831
-1.25187928057574
-1.25372240512482
1.62669496539393
0.421757834456656
-0.281917515135650
0.452507561213070
-1.70616711766306
-1.25035716647512
-1.74145790042008
1.05398112408590
0.485279892543880
-0.612338033492607
-0.658510873602309
-1.83303877703553
0.852099005476663
0.720852662221775
-1.04379899706803
0.452650825448074
-1.41159117720283
0.271180768321333
0.676685827960716
-1.53029269102733
-0.00175478064562185
-2.56557764785236
-1.63868148865711
0.648384268322495
-0.0460728550953866
-0.0139249304052619
-0.586779093350584
-1.72627286137685
0.389275173013419
-1.33861463409664
-2.12957290826385
-0.716851006363863
1.55920025815534
1.11680066748568
-1.56144660495693
-0.484347078387897
0.552399595510098
-0.0838732198044696
-1.80833003584548
-0.306240945298025
0.881816234211036
-0.141980780774452
0.633282704796942
-0.0939406125982616
0.452312434604579
1.20111945035667
1.39172470467040
-0.143395057144446
-0.135415423625993
-2.17988864898916
1.46205201005659
-0.0519795353868372
0.322286396966146
-0.606471943457065
1.10959365801717
0.516667451685346
0.183697619626867
0.359478380636965
-1.38542214993334
0.580624071913742
-0.0561477326562541
0.628735563325156
-0.544526632209565
-0.00852895928462224
0.790260912810238
0.309964159216986
-1.29579121927987
1.01942524459435
1.26826005348253
0.550923083999511
-0.332067681751118
-1.85503866859681
-2.43872431138121
1.34796070071091
0.896971637824865
0.994707480204334
-2.10306429482474
-0.0272703041648918
0.297685110777366
0.335185721806303
-0.669180598049521
0.355979386941293
-0.287987993140880
0.391590794205093
-0.842722728597992
1.25428699222858
-0.0433793498490611
-0.498723879553436
-1.88830118350222
0.368892914681901
-0.102619511136102
-1.86133056274987
0.0523344424020343
-1.52727908975991
-1.55718027047396
0.131112540131853
0.158317115216910
-1.23358203583426
0.470341199404104
-0.676678773093931
0.800099282600822
-1.09647958758423
0.0736143346127641
-1.44593395267267
0.0338230006011652
0.0138973234341365
0.119667370583589
1.13173028465435
1.58990311304594
0.259093865856343
1.10500210564376
0.391847379317968
-1.36864940048859
-0.863391284388723
0.999119418292799
-0.201452746136757
-0.376810815858063
1.23800231978778
0.180519716784778
0.667832655840342
-0.416748474793452
0.806464975870365
0.108227549774613
1.02626259041244
0.359504554250009
-0.156095590324218
-0.452493694336331
-0.00697967632187295
-1.12727173478542
-0.816767530095260
-1.73698992544432
0.441163349084674
0.222603290179465
-0.920586668068682
-0.00377945545606787
-0.0360427775368048
-0.438095985807732
-0.572803525669877
-0.129097707299829
1.27396742219219
-0.0460441995919780
-1.20704574547313
-0.0464363649366636
0.519516114865847
-0.166113834691396
-0.451382805916326
-1.38663818025097
0.552705135980713
-0.0459131646012573
0.643669006472326
0.0696661902336006
0.680232597139190
0.0713953398436731
-0.606942225557315
-0.114810170977211
-0.583326051008665
-1.60354245923924
-0.311487504839283
-0.668863345356173
-1.54705054163778
0.370390611647789
0.495114821147001
0.484743215327882
0.0175296147954945
-0.198797382319132
-0.0223902335589007
-0.458505849724564
0.364585173058288
1.33296554088053
0.721592400388715
0.552513832564477
0.906791162651483
0.295432668262799
2.13858431154056
0.348733974514777
-0.242188718504122
-1.12709970246758
0.979067062655258
-0.434598937494752
-0.527503112133453
0.194289967944579
-0.0970414067792805
0.116033314374980
-0.192933881953645
0.425978225295008
0.402150279358216
0.941594334980876
1.32379500223625
-0.151015157786573
-1.27815154249288
0.993996356262367
-0.883135962351064
1.87718917322737
2.03560648789243
-0.0952345728651586
-1.61925921568736
0.487527050061326
0.716188917786314
0.576885036945681
0.132153804042294
0.814399669167184
-0.332834820625182
0.00334572583966736
0.393005289774995
-0.441774938020489
0.208652262557479
-1.42702516868838
-1.34875353422817
0.311817170433601
-0.559051973796728
-1.26298421481835
-0.855768290903203
-0.0671573422598837
0.671918097766613
-0.551985154944390
-1.07684250138561
-0.823597024448579
-0.316129579328624
-0.404474068167499
-0.292306460817283
0.526125661673942
-0.514107549704091
0.475415956919404
-0.575886596566925
-1.62002605608358
0.323143176261468
-1.96951295941875
0.476826460142231
1.13365727614720
-1.21355545895057
-0.546691834228136
2.28689318672091
0.818020800494449
-0.347678897339058
0.0310269075814897
-1.15912813856430
-0.733721364197957
-0.251009498692165
1.50647482969418
-1.75331862830392
-1.61551090560954
-0.503040172290069
0.812097993831670
2.25007572321490
-0.939509351223362
1.14755247227309
0.791258921571337
2.19844402694669
-1.40092539281802
-1.47822310271771
-0.0475085426313988
0.210028966294810
-0.941705757045679
-0.270488820856438
0.951145765218285
-1.51976631930583
-0.359943405322125
-0.125973447882491
0.379647227601626
-0.223329217578306
0.298338211633079
-2.10725127709687
-0.387685529669277
-0.523685537619589
0.0614440477256415
0.715589449546669
-2.17791615932254
-1.16879406659807
0.732467778812338
1.63195779400119
0.819157438768975
1.88221698377798
0.498237780014264
1.43331921837211
-1.26977763818804
0.565111518424896
-0.204923326970142
-1.87668251144149
-0.659593118529596
0.113864153567922
-0.501989729041852
-0.939257557919303
1.08319551987371
1.83392484519619
0.363404577969837
-0.617110933898723
-1.15037159099877
-1.72519302648648
-0.390551370991422
-1.75790839492178
-1.56532298566884
0.743461206515997
-0.0543642660242127
1.47164631378803
-1.10002699154361
-0.183684350280836
-0.369226239786009
-0.295421892137505
0.236780516872452
-0.191235956894046
0.396345634991059
0.875626040979141
0.774542343103808
-0.0734396255012073
-0.0397116351570219
0.00499073117220133
-0.285390514218694
2.64908795719881
0.663928394682745
1.24237867604948
0.472677275504298
-1.32077187414031
-0.859631147363409
-0.858958674645151
-0.226799338359654
0.519938228197291
1.37124754869170
-0.0940346718243830
0.598084868617380
0.978601158168496
1.47823270771701
0.398612848413979
-1.28368233764976
-0.294377164019586
1.00513354215892
-0.439626304236976
1.65202101016408
1.44552888771874
-0.788333310415914
2.38792323102194
-0.756014067939552
1.50563326041912
1.71422493869412
-1.52526263743624
-0.388216234907311
0.219710978746662
-0.0890749501482235
-1.05239045733986
0.532346017496856
-0.805713919088886
0.595940020203853
1.38833198876817
0.698552904467473
-1.22362976442866
0.205434741643895
2.30085383419006
-0.936327453306955
1.20050242975431
-0.770116101504122
0.0846760397178605
0.971456062106987
0.000456334646933755
-0.262228612890809
0.00724691347895738
0.0686241988901544
1.16551863781831
-0.379028769351772
0.467890403801525
0.229612577589305
-0.613953067129572
-0.739048501629646
-1.21606174842252
0.0514601923883067
0.741703982730354
-0.0973135306144958
-1.67823855716802
-1.44241905250711
-1.64121310698499
-0.759010654433384
0.300152523285519
-0.333850263410632
-1.77292041220837
-0.509735941187634
0.108331288744983
1.34039798264788
1.25750550431295
-1.48321774335935
-0.419755392770846
-0.738529207059467
0.897546120077106
1.26313415906976
-0.101804654761447
-0.681221158210340
-0.354536265237198
-0.0321581889449163
0.558100950615159
0.351156814294860
-1.40645636350182
-1.36554271491921
0.286409315196188
-0.301679577490719
-1.57790354697124
0.886329400720744
-0.323960672892738
1.18271261342090
-0.498548366019512
0.348590155955185
0.369977332806105
0.259000834891440
1.38721110515182
0.238920206384798
-0.394885524814699
0.113047944050473
1.03450848156764
-0.192235774422896
-0.139737848393864
0.0914942687596885
-1.13979959678601
-1.15660076102278
-0.790480036293253
1.19416952077315
0.976722151639696
-1.07833105192522
-0.706231531370018
-1.11377218692188
-0.914233481625957
0.452747034232414
0.850701525731803
1.16156914475405
0.826958722510322
0.537809607254218
0.407225730995318
0.970395444667808
-1.88978550292192
1.75802608355105
-0.0855518311269209
0.953910945505602
1.17168017472454
2.71915757734747
-1.21725549929179
-1.35813571184141
-1.84554647480937
0.507838171295693
1.32302569202983
1.42077180544703
-0.952312081049254
1.22012600535862
0.377940367710206
-0.760567223334244
0.207295603626613
-0.321878690681750
0.352565936665231
0.448061953525329
-0.672373891604846
-0.228313682162338
-0.571213293009420
0.409313238975847
-1.71707491483889
0.625261316434134
1.57659518751913
0.919817524371955
-0.866935863194809
0.153571520402855
0.375613855392697
0.234625967326942
-0.424767036506667
-1.08657016412598
-0.514698992533479
0.380842134138198
0.155446854196120
-0.649950065917267
1.68778185060187
-0.124804583220483
-1.16897968223443
-1.26068260489738
-0.489796760729614
-0.464134703259611
1.39054399017639
0.520368166196044
1.97297477709806
1.64614547809377
-0.239754775367911
0.0202731159811459
-1.72229963255738
1.49275699849619
-0.451196235523777
-0.00934020404265020
0.0994986222341908
0.351319504356463
-0.445782345009607
1.01855118857611
0.626312420581417
1.78561376028351
-0.0274424891849570
0.0623143195735486
1.01325875563114
-0.179296335168289
-0.196985571537966
-0.170618231264427
1.04322570101278
0.0369462452579764
0.625495919030515
-0.897152590512304
0.507847582970460
-0.291999600725312
1.29489800160870
0.294196607934958
0.146525525387532
0.707295987845458
2.25402317811277
1.53076914865838
0.454930495456669
0.174668483297134
0.638512358889409
0.477963401289247
-0.367811081444581
0.0375408115504755
-0.237006470595376
-2.03425835558571
1.09481833879020
-1.46373787554301
-0.963049460255542
1.13262432717991
0.935102915691022
-0.447594497246174
-1.63001428877074
-1.43085293520145
-1.19717042988750
-0.463146475593341
-2.92718835702641
0.750002488505108
-0.400827949741943
-0.138487313060022
-0.435938854506541
0.186546795973236
-0.0755759240172704
0.518614558870999
2.02213825061145
-1.98533306003303
0.535465153394942
-1.36318035640612
1.92704235976279
0.0104882063289494
-1.23369783176000
-0.786410733771459
-0.508043987396238
-1.40850805311407
1.46928692107748
-1.67028825855991
-0.235659344815223
-1.75112589253164
0.485388546206865
-0.482260776635215
1.19648011278631
-0.960525115037766
0.105439518506293
-0.634312075814566
-0.953797484012073
0.924496407794885
1.72773249538270
0.980941724321084
1.83034751840728
0.380560579641004
0.517932368353772
0.377016191182724
-0.533308600876833
0.902142950686655
-0.491876992527854
0.313664846226227
1.21826860665515
0.0755943406029162
-1.10580181316305
-0.549552179917551
-1.29964410748726
0.554877488356904
-1.07398155230294
-1.36499730514745
1.13257491060331
-1.70269460646587
0.850300485381319
0.184686331657424
-0.00252429253338790
-1.10899554613898
-0.753625620690679
-0.0501448719177179
1.33119829684936
-1.06695762836719
0.549264139265692
-0.899517107763384
0.776014009319205
-0.166565446402507
0.0325172222702802
2.02697364113814
-0.428887113822180
1.49989084872250
-0.316612337160113
-0.341129021770340
0.403028855295369
-1.45732625074338
-0.191002318331968
-0.163762360159750
0.949849064639724
0.577552546498420
-2.47860148192095
0.581818951555600
0.0613582566744155
0.351965083358836
-0.653128428109737
1.62010283213263
0.174085964843263
0.949517245682352
-2.03345869546009
-0.762703966415127
0.593023345996249
-0.114078949922602
-0.0319907477688601
-0.738223369317344
-0.325406151148938
-1.46015931562493
1.06471244361212
-0.203453549307305
1.52489317441566
0.964283264345007
0.203249516197836
0.545777640021808
0.118323010104103
-1.29435398067593
-0.954022185739828
-0.150221418950713
-0.121234532147737
0.0633048872414403
1.58957640311176
-0.0277870422749893
0.374767738990420
-0.381160450784687
0.161663722624750
0.597889351917844
-0.411208350298387
-0.638928133464242
-1.48810360178036
-0.860462189096564
-0.623834929360701
-0.427186886867628
-1.12503051065221
0.984240671128564
0.0677255633405018
0.971637553250406
-0.0996632654891245
-0.714705939603205
-0.164899323942454
1.54855823977329
-1.36136675288537
-0.611022981619534
-1.56235198568591
0.435112779139175
1.52609931882494
-0.320246763045184
1.16586273223501
-0.136960723017215
0.615978351012088
-0.0596098460833107
-1.07243255359329
1.04287025965139
-1.52995603467024
1.23695766324643
0.322823239224323
-1.46812406084944
-0.674507445818534
0.394739147092426
-0.204186816756343
-1.06269374124987
-0.193836206391083
-0.668342274997617
-0.406966032161477
0.0610542327960419
-0.661854798866158
1.08674974245174
-1.85604754530459
-0.362318042414334
-0.759125466271870
-0.0987346126105303
-0.500545713712420
0.931794411449453
0.00374395238242466
-0.704517177335398
0.539899361614007
-0.0435225701412798
1.75568406506096
0.586189710954543
0.589033811680478
0.382724530662319
-0.130057950202844
0.291521989123505
-0.414758632275906
-0.722981300139545
0.930060614753823
1.17132738233663
0.403314759184884
-0.419414269560537
1.73248522046453
-0.303789771186057
-0.202213597829146
0.771438820833437
0.866149498217568
1.19696415324452
-0.0290685358878368
0.923656990597687
-0.866535380788930
1.10893767494454
-0.192678577554663
-1.60601746511916
0.553451369228804
1.33077382231288
0.873977670278025
0.706205503058803
-0.429704002618722
-1.67389104906035
0.818578522080049
-0.441769416946184
0.607145779531914
-0.257268143615308
-1.24912509815989
0.790873067195345
-0.123746773025035
-0.856614574384609
1.30663307127634
-0.787429931534648
1.15657615023638
-0.793533021221130
-1.46259432785672
0.566898781394764
2.53397731117469
0.480178080788866
0.334858027377002
-0.175088697932555
0.517928191075797
0.0425052616395862
-0.627925600299514
-0.294993847014177
-0.909303215519810
0.418791364354486
-0.412174852151033
0.455535165724329
-0.542263575503799
0.751688622413418
1.12302100019077
1.13360476143524
2.48978653526564
1.87340388494212
-0.183911123873565
-1.28696961626861
-0.122193055473227
-0.0433654008617280
-0.100795454389734
-0.818254414985298
-0.675586538364996
-0.395345652616742
-0.314801931337057
-0.709057783443653
0.855284234410790
-1.61827659742010
1.97352453758556
-0.779223543545280
-0.0120878738901478
-0.689920558308570
0.241740258140875
0.453677283271318
-0.750055445377509
-1.47656047765254
0.0108897831985853
0.0972837475425739
0.457068688700705
1.43748782202155
-1.10366223190462
-1.05986111133434
-0.521707485377667
2.22793381252154
-0.648559921625615
0.146230555813399
-1.07315359971184
0.590788168711630
1.12216910595053
1.17609179451811
0.520348690290907
-0.388210938126105
0.589396698095111
-0.481385089728612
-1.99307479910767
0.749920869490697
0.458281779568777
-0.457469697674441
-0.801729044431705
-1.55642579293188
-1.32049460084876
1.28531677770446
-0.230319461001013
-0.270981455066594
0.162620943266500
0.887207463964957
-0.0369981951615930
-0.289845074190008
-0.696442030057052
0.726999442293842
-0.761285574345194
0.796906199496291
-0.123654341396526
0.284584383127388
0.646104995570004
0.508395090130859
0.335369451402892
1.90568441142345
1.59477376992516
0.426874584734832
0.460922956393341
-0.501904856745171
-0.813083668482672
-0.290567785362416
0.230699892831827
0.515066823255719
1.14187079949964
-0.400895803684849
-0.387304751429159
-1.20012458978707
0.183587566391298
0.863065921214628
0.636719544288437
-1.84744423183790
-1.06391608634601
-1.22379005098655
0.454941201924969
0.0105481933012089
1.51326833935530
-1.74848282103847
-0.481237346428937
1.06425391885821
-0.0179231901541307
-0.0282426828913824
-0.0762551207900763
2.25146541489323
-0.289988230511830
0.563757080136757
-0.415384303091342
1.51445763679549
-0.391693969498586
-1.15805661209237
1.26896960996441
-0.406293414336388
-0.0412929055303503
-0.842887288584944
-0.410679715296446
-1.23909062216195
-0.550749907166391
-0.481833832443900
0.585950660176474
-0.117537348618003
0.347660211785630
0.946088720526184
-1.29064310335141
-0.0419201731920433
1.13542699332146
-1.40230462325757
0.504893717733539
2.04482357920999
1.00528445493244
-0.0993794565312622
-0.533565911768701
0.208871772282895
0.291229875103883
-0.783038490687926
1.70496159329207
0.813727342587407
-0.143900201193644
0.000507418890828590
-1.90410789652777
1.68471997853743
-1.01525355095975
1.66261170504214
-1.63277052108520
0.633789972667447